010000001
111101000
111110001
011000101
000101110
011010101
000101110
111111000//Label1
000111101
111110001//Label2
101010110
111000001
000110000
000101110
111000001
000101110
011000101
111110001
000101110
011010101
000101110
011001111
000111110
011011111
111100000
000100000
101100100
101100100
101100100
101100100
101100100
101100100
101100100
111110000
000110001
101100110
101100110
101100110
101100110
101100110
101100110
101100110
000100110
110000111
111100000
000100000
101100100
101100100
101100100
101100100
101100100
101100100
101100100
111110000
000110001
101100110
101100110
101100110
101100110
101100110
101100110
101100110
000110100
110001001
111100000//CheckMSBsofOperand1andOperand2
000100000
111110000
000110001
000100110
110101000
111100000
000100000
111110000
000110001
000100110
110001001
101010000//Operand1<Operand2(CalculateResult)
101010010
111100001
111110000
000010100
000000110
111110000
000010011
000000001
000110110
110101011
111100000//Operand1==Operand2LSBs
000100010
111110000
000110011
000100110
110101010
111100000
000100010
111110000
000110011
000100110
110001001
000110110
110100111
101010001//Operand1>Operand2(CalculateResult)
101010011
111100001
111110000
000011100
000001110
111110000
000010011
000000001
000110110
110101011
111000000//Operand1==Operand2(CalculateResult):
111010000
111100100//forcedbranchCheckMinMax:
101000100
101000100
101000100
101000100
111110001
000100110
000100110
011001100
000100110
011011100
111100000
000100001
000100000
110001101
111100000
000100001
000100000
110101100
000100100
110101110
111100000//CheckLSBsofResultandMin:
000100010
000100011
110001110
111100100//Minimum>Result
101000100
101000100
101000100
101000100
111110001
000100110
000100110
100000100
000100110
100010100
111100100//CheckMax
101000100
101000100
101000100
101000100
111110001
000100110
000100110
000100110
000100110
011001100
000100110
011011100
111100000
000100001
000100000
110001111
111100000
000100000
000100001
110010000
000011010
110001111
111100100//Overwrite
101000100
101000100
101000100
101000100
111110001
000100110
000100110
000100110
000100110
100000100
000100110
100010100
111110001//Done
000111110
101000110
101000110
101000110
101000110
101000110
101000110
111000001
101010000
111001001
000000001
000110000
111001000
000001110
000110111
110000101
111000010
000101000
000001101
110000100
010000000
