111000000
011001000
111110001
000000110
011010000
000000110
011011000
000000110
011100000
111111000
111110000
000111010
000111110
110000000
111111000
111110000
000111001
000111110
110000000
000110110
110100100
111111000
111110000
000111100
000111110
110000001
111111000
111110000
000111001
000111110
110000001
000110110
110100100
111110000
000110001
101000110
111110000
000110110
111111000
000111110
110100101
101010001
101010010
111111001
000010111
111111000
000001111
111110000
001110011
101000110
111110000
000110110
111111000
000111110
110100110
101010011
101010100
111111001
000100111
111111000
000011111
111101100
101000101
101000101
101000101
101000101
000101000
011111101
000111010
100111101
111111001
101010111
000101111
011111101
000111001
100111101
111111001
101010111
000101111
011111101
111110000
000111110
100111101
111111001
101010111
000101111
011111101
111110000
000111110
100111101
111111001
101010111
000100111
000011111
111111000
111110000
000110100
000110111
110000010
111111000
111110000
000110011
000110111
110000010
111111001
101010111
000000111
011011000
111111001
000000111
001001011
101000001
111111000
000111111
111110000
000110111
110100100
111101100
101000101
101000101
101000101
101000101
000101000
011111101
101010111
100111101
111111001
101010111
000101111
011111101
101010111
100111101
111111001
101010111
000101111
011111101
101010111
100111101
111111001
101010111
000101111
011111101
101010111
100111101
111111011
000101111
111110001
011111101
000111110
100111101
111111001
101010111
000101111
011111101
111110000
000111110
100111101
111111001
101010111
000101111
011111101
111110000
000111110
100111101
111111001
101010111
000101111
011111101
111110000
000111110
100111101
111111100
101000111
101000111
101000111
101000111
111110100
101010110
111101001
000110101
000111110
000111000
000000101
010000000