010000001
111101000
111100000
111110001
011000101
000101110
011010101
000101110 
111111000 // Label 1
000111101
111110001 // Label 2
101010110
000101110
000101110
011000101
111110001
000101110
011010101
000101110
011001111
000111110
011011111
001000001
001010011
111100000
111001000
101000000
000100001
101000000
000100001
101000000
000100001
101000000
000100001
101000000
000100001
101000000
000100001
101000000
000100001
101000000
000100001
101000000
000100001
111011000
101000010
000011001
101000010
000011001
101000010
000011001
101000010
000011001
101000010
000011001
101000010
000011001
101000010
000011001
101000010
000011001
000011100
101000110
101000110
101000110
101000110
101000110
101000110
011001110
111010000
000010011
000011001
110000000
100010110
111000001 // Label 3
000110000
011011110
000011010
110000001
100010110
111110001 // Label 4
000111110
101000110
101000110
101000110
101000110
101000110
101000110
111000001
101010000
000110000
111001000
000001110
000110111
110000010
111000010
000101000
000001101
110000011
010000000