111101000
111110001
011000101
011100101
000101110
011010101
111111000
000111101
111110001
000111110
011001101
000111110
011011101
001100001
101000100
111110000
000110110
111100000
000110100
110000000
101010001
101010011
111100001
000011100
111100000
000001100
111110000
111100000
000110000
000100010
000010011
000000001
000110001
110000001
110101000
101010000
101010010
111100001
000010100
111100000
000000100
000100100
110100001
111001001
101010011
000011001
000100011
000100111
110101001
110000010
000100100
110100001
111000000
111010000
000100100
110100001
111100000
000100000
101000100
111110000
000110110
111100000
000110100
110000011
101010001
101010011
111100001
000011100
111100000
000001100
000100100
110101010
101010000
101010010
111100001
000010100
111100000
000000100
000010011
000000001
111110001
101000110
101000110
101000110
101000110
101000110
101000110
111100001
000110100
000110100
011001110
111100000
000100000
000000001
110000100
110101011
100100110
111001001
000110001
100010110
000001001
110100100
111001001
000110001
011011110
111000000
000000010
000010011
110000100
100000110
111011001
111110100
101000110
101000110
101000110
101000110
000110011
000110011
000110011
000110011
011001110
000001100
110000101
110101100
100100110
000110011
100000110
000011011
110100101
000110011
011011110
000011000
110000101
100000110
111110001
000101110
101000110
101000110
101000110
101000110
101000110
101000110
111000001
101010000
000110000
111001000
000001000
000110101
110000110
111000010
101010000
000001000
111110001
000101110
000001101
110000111
010000000